58089.3634574
58090.3606789
58091.3579003
58092.3551218
58093.3523432
58094.3495647
58095.347064
58096.3442854
58097.3415069
58098.3387284
58099.3359498
58100.3331713
58101.3306706
58102.327892
58103.3251135
58104.3223349
58105.3195564
58106.3170557
58107.3142771
58108.3114986
58109.30872
58110.3059415
58111.3031629
58112.3006622
58113.2978837
58114.2951051
58115.2923266
58116.289548
58117.2867695
58118.2842688
58119.2814902
58120.2787117
58121.2759331
58122.2731546
58123.270376
58124.2678753
58125.2650968
58126.2623182
58127.2595397
58128.2567611
58129.2542604
58130.2514819
58131.2487033
58132.2459248
58133.2431462
58134.2403677
58135.237867
58136.2350885
58137.2323099
58138.2295314
58139.2267528
58140.2239743
58141.2214736
58142.218695
58143.2159165
58144.2131379
58145.2103594
58146.2075808
58147.2050801
58148.2023016
58149.199523
58150.1967445
58151.1939659
58152.1911874
58153.1886867
58154.1859081
58155.1831296
58156.180351
58157.1775725
58158.1750718
58159.1722932
58160.1695147
58161.1667361
58162.1639576
58163.161179
58164.1586783
58165.1558998
58166.1531212
58167.1503427
58168.1475641
58169.1447856
58170.1422849
58171.1395063
58172.1367278
58173.1339492
58174.1311707
58175.1283921
58176.1258915
58177.1231129
58178.1203344
58179.1175558
58180.1147773
58181.1119987
58182.109498
58183.1067195
58184.1039409
58185.1011624
58186.0983838
58187.0958831
58188.0931046
